function [af, sf] = db1

% Daubechies 1 filter bank

af = [
   0.7071067811865476  -0.7071067811865476
   0.7071067811865476   0.7071067811865476
];
 
sf = [
   0.7071067811865476   0.7071067811865476
   0.7071067811865476  -0.7071067811865476
];